1403619685912359
1403619767100755
1403619698287498
1403619808163714
1403619689162397
1403619759725673
1403619836851546
1403619757725648
1403619696787482
1403619751225579
1403619924165019
1403619884102067
1403619908539847
1403619807663710
1403619896227203
1403619908664847
1403619696349976
1403619778975891
1403619892164654
1403619766225745
1403619726162808
1403619786788477
1403619727600324
1403619748913051
1403619770100794
1403619876851990
1403619818476340
1403619896039701
1403619910852369
1403619839664077
1403619727037818
1403619802351153
1403619712225155
1403619784850959
1403619737162921
1403619886227087
1403619838039058
1403619800726134
1403619855539249
1403619854851738
1403619780225905
1403619693037437
1403619886102087
1403619722600268
1403619878477010
1403619906914823
1403619780788413
1403619758038153
1403619781850928
1403619896727210
1403619912539892
1403619729287842
1403619797038588
1403619818038836
1403619898727227
1403619745288021
1403619782538438
1403619755038119
1403619894539686
1403619824476397
1403619764225723
1403619804226168
1403619686537368
1403619686412366
1403619813663788
1403619691662423
1403619785163460
1403619783100946
1403619798538608
1403619791788531
1403619873601950
1403619804038667
1403619892664662
1403619762725706
1403619750850575
1403619711287642
1403619735975412
1403619840039083
1403619877164491
1403619783413449
1403619794788566
1403619741037964
1403619717725215
1403619684474840
1403619794226056
1403619816538818
1403619780288407
1403619894602187
1403619777788379
1403619888477113
1403619786475974
1403619716537701
1403619762600705
1403619845039137
1403619882477052
1403619750350572
1403619796413582
1403619778850890
1403619781663425
1403619911602382
1403619735600404
1403619688162386
1403619789351002
1403619742662989
1403619766413247
1403619748350546
1403619872539435
1403619882914555
1403619855039239
1403619765600736
1403619822351380
1403619822413879
1403619905414806
1403619866414376
1403619711537646
1403619707975108
1403619732850377
1403619768600776
1403619737350424
1403619692974934
1403619739787950
1403619738912940
1403619708537614
1403619869476903
1403619712600158
1403619710600149
1403619805476185
1403619702850047
1403619841726600
1403619788413493
1403619917477447
1403619704725070
1403619919539964
1403619896352207
1403619795726073
1403619706725092
1403619695662471
1403619709100119
1403619908852349
1403619907039826
1403619837164049
1403619916727437
1403619792476044
1403619811538757
1403619699725017
1403619774288334
1403619761725695
1403619865914372
1403619879289525
1403619826726426
1403619808663720
1403619765788242
1403619782225933
1403619827538942
1403619822913884
1403619893227168
1403619849476687
1403619914289902
1403619916477434
1403619798726106
1403619853789233
1403619748850550
1403619751663082
1403619839101569
1403619687787386
1403619902789775
1403619892039652
1403619794038558
1403619727787826
1403619813288783
1403619842289106
1403619755788126
1403619892102153
1403619721412757
1403619901789765
1403619753725605
1403619830163973
1403619782350935
1403619738850438
1403619764725727
1403619814163791
1403619859039292
1403619858664284
1403619879477022
1403619715725195
1403619725787804
1403619873351946
1403619767538261
1403619800413629
1403619835914037
1403619832851500
1403619902102266
1403619783850952
1403619766475747
1403619832163992
1403619706600090
1403619890164635
1403619891539648
1403619834976523
1403619873476949
1403619705350076
1403619692849932
1403619741850475
1403619692474932
1403619917539948
1403619850914203
1403619842914113
1403619902664772
1403619818976345
1403619710475134
1403619769225782
1403619812226267
1403619776288356
1403619904664797
1403619689912408
1403619723662783
1403619873664450
1403619752475591
1403619918727456
1403619713412666
1403619690099908
1403619841226596
1403619819226351
1403619863164342
1403619767850763
1403619765413236
1403619856289252
1403619883352061
1403619904289791
1403619865414366
1403619917164940
1403619874351955
1403619809351226
1403619823413886
1403619903289781
1403619914914910
1403619892602160
1403619693849946
1403619713787670
1403619759350669
1403619908477344
1403619767350756
1403619832101492
1403619788788496
1403619684974846
1403619758288154
1403619905289804
1403619695974975
1403619851976715
1403619746413031
1403619794976067
1403619894914691
1403619836976546
1403619795788574
1403619817288826
1403619905477307
1403619900477248
1403619690662413
1403619884039567
1403619811226252
1403619816163814
1403619899352236
1403619882164550
1403619693974948
1403619903164779
1403619780038405
1403619763913223
1403619895789697
1403619893789676
1403619866851884
1403619852976727
1403619791726030
1403619830601476
1403619891352146
1403619900727252
1403619732225373
1403619804101167
1403619897164715
1403619699412514
1403619846789156
1403619802788656
1403619741475472
1403619887227101
1403619824726399
1403619765100733
1403619736350416
1403619825601410
1403619844101627
1403619733537879
1403619761600692
1403619729037840
1403619831663987
1403619844914136
1403619882289551
1403619776725862
1403619910289860
1403619873414448
1403619899914743
1403619918789962
1403619886477093
1403619774038333
1403619748788047
1403619857789273
1403619907164827
1403619711850151
1403619874164452
1403619903727283
1403619851539210
1403619756663137
1403619871351926
1403619778288382
1403619850789201
1403619819101346
1403619814726298
1403619728537834
1403619709787627
1403619890227135
1403619856351753
1403619868226892
1403619723350279
1403619901164755
1403619896977214
1403619910039858
1403619708162612
1403619877789502
1403619804476171
1403619710975141
1403619916664936
1403619890477139
1403619835414028
1403619803663663
1403619809163724
1403619751600584
1403619835789034
1403619869414403
1403619718287721
1403619755850627
1403619894414684
1403619874664461
1403619911352375
1403619903852285
1403619899039734
1403619912414890
1403619842226605
1403619856601756
1403619846539154
1403619768288273
1403619867726891
1403619873789450
1403619719912739
1403619882727053
1403619891727151
1403619895664696
1403619863039342
1403619730537856
1403619918102453
1403619788475994
1403619722725273
1403619883102058
1403619913227397
1403619887477101
1403619791163522
1403619875476969
1403619689099899
1403619743412995
1403619801538639
1403619725537802
1403619686912374
1403619746913033
1403619733975398
1403619773600830
1403619833351506
1403619819038846
1403619909289851
1403619760225678
1403619780475909
1403619704475067
1403619735475403
1403619796351081
1403619727225320
1403619876664486
1403619703225050
1403619917977453
1403619920039969
1403619879852029
1403619759163166
1403619923977515
1403619693474941
1403619815788810
1403619827163932
1403619731725372
1403619786288470
1403619900852253
1403619806413694
1403619733350378
1403619716350199
1403619705537578
1403619687724885
1403619872726938
1403619831101481
1403619894164683
1403619815226303
1403619776913368
1403619848164173
1403619782100931
1403619728787837
1403619723850286
1403619775975854
1403619766725749
1403619765163233
1403619819413852
1403619879539525
1403619875976975
1403619850226695
1403619740225453
1403619741787976
1403619865164363
1403619908414844
1403619751975584
1403619900539749
1403619898914731
1403619869039397
1403619785038460
1403619890852141
1403619887289599
1403619793788553
1403619856914261
1403619739850448
1403619899289736
1403619828851457
1403619784663458
1403619711412644
1403619685849858
1403619905164805
1403619704850073
1403619718850228
1403619900414747
1403619867351890
1403619901852265
1403619755475623
1403619908602349
1403619864976863
1403619873976951
1403619884664570
1403619689599901
1403619911977384
1403619848039173
1403619715100188
1403619718975229
1403619782725940
1403619814663796
1403619817101325
1403619701662536
1403619776600862
1403619856789259
1403619812288770
1403619824163891
1403619692037423
1403619902539770
1403619758100652
1403619908102342
1403619838789067
1403619823913894
1403619798351104
1403619738100429
1403619857601771
1403619776225857
1403619780600911
1403619734225388
1403619875789473
1403619801163636
1403619735162899
1403619791288525
1403619754413114
1403619766788249
1403619870414417
1403619902039766
1403619921789990
1403619858851790
1403619861164320
1403619881852048
1403619719725236
1403619700975029
1403619804601173
1403619907227327
1403619743537997
1403619751350579
1403619866539378
1403619885602080
1403619694037448
1403619742725487
1403619904852298
1403619714537679
1403619721850261
1403619718912727
1403619895414695
1403619912164886
1403619800101125
1403619734537890
1403619845789146
1403619886039586
1403619794913567
1403619784288457
1403619730725359
1403619692912434
1403619755288121
1403619873289445
1403619743100506
1403619795913574
1403619826976430
1403619712912661
1403619884227068
1403619730412855
1403619822976385
1403619806726197
1403619763163210
1403619802038646
1403619793976054
1403619763288211
1403619734412888
1403619816288815
1403619715475192
1403619774600838
1403619839789081
1403619737662927
1403619782038433
1403619920914978
1403619811851263
1403619782475936
1403619850664201
1403619754850618
1403619700662525
1403619790413513
1403619785350961
1403619818913845
1403619721537757
1403619787225979
1403619828163947
1403619787975986
1403619902977275
1403619754038111
1403619827226432
1403619717975217
1403619912914897
1403619735537903
1403619903664783
1403619844789135
1403619769725782
1403619743788004
1403619913414898
1403619891477148
1403619826226419
1403619885977085
1403619747350535
1403619879602028
1403619835101525
1403619772100817
1403619732787880
1403619812913774
1403619908914851
1403619805101179
1403619899164734
1403619736975420
1403619879789527
1403619798976112
1403619720412745
1403619872289432
1403619793913556
1403619708412610
1403619850414199
1403619906477317
1403619789226001
1403619870664420
1403619774663338
1403619691849925
1403619921727490
1403619763413213
1403619916102427
1403619848414175
1403619865039363
1403619906789826
1403619818351338
1403619712287654
1403619828788954
1403619875226967
1403619750413072
1403619756288133
1403619713850171
1403619890664639
1403619785288461
1403619858101779
1403619753100599
1403619723537781
1403619860539313
1403619847226661
1403619766038242
1403619717412711
1403619879164520
1403619827976443
1403619901227256
1403619735037897
1403619776413357
1403619888227109
1403619783663450
1403619853601733
1403619772538321
1403619772725825
1403619832351494
1403619813913789
1403619863226843
1403619695474971
1403619849914193
1403619844226628
1403619900164747
1403619760538180
1403619885289576
1403619887102097
1403619856414253
1403619914539905
1403619713600169
1403619711912651
1403619789601004
1403619828038947
1403619705162574
1403619866601881
1403619809788733
1403619856664257
1403619840101582
1403619721475257
1403619857476771
1403619757600646
1403619849851691
1403619916039927
1403619724662792
1403619872351933
1403619790851018
1403619737975430
1403619751913084
1403619878727014
1403619827351434
1403619870289412
1403619860351810
1403619765225733
1403619837601553
1403619732162874
1403619770725795
1403619878352010
1403619795976077
1403619863351845
1403619825976416
1403619868039390
1403619838726565
1403619841664099
1403619922102493
1403619722662770
1403619765913244
1403619837039047
1403619764788230
1403619864101854
1403619911914885
1403619807351205
1403619755725626
1403619764850728
1403619898227223
1403619915602419
1403619780725912
1403619791351025
1403619704037563
1403619767725763
1403619873164445
1403619746538031
1403619861226819
1403619843539123
1403619737600427
1403619685474856
1403619857976775
1403619818788843
1403619862351834
1403619837351550
1403619792976046
1403619781538424
1403619892477160
1403619893914677
1403619749350572
1403619755225620
1403619861726827
1403619914039904
1403619831038981
1403619767225755
1403619741412968
1403619697912494
1403619768725780
1403619777663373
1403619885664581
1403619776538359
1403619881352046
1403619828288948
1403619688849894
1403619685537356
1403619803413662
1403619706662591
1403619738537936
1403619872664437
1403619840851590
1403619689349899
1403619725037796
1403619747225534
1403619885102074
1403619779475895
1403619697037484
1403619712162655
1403619917852449
1403619791226023
1403619861914328
1403619806351194
1403619711100143
1403619699537515
1403619878977017
1403619718475223
1403619786850977
1403619789663505
1403619730912861
1403619752225590
1403619714475178
1403619920477473
1403619767600762
1403619708225109
1403619698537501
1403619858351781
1403619762350703
1403619697162488
1403619703725060
1403619697974995
1403619691099921
1403619768913280
1403619811726259
1403619831851489
1403619703537558
1403619767788262
1403619787475981
1403619810538743
1403619823601387
1403619866664383
1403619801476141
1403619888914619
1403619835164027
1403619910539864
1403619874476958
1403619687599883
1403619895852197
1403619778038378
1403619843789123
1403619924415021
1403619788538494
1403619901352258
1403619922602500
1403619690974920
1403619857289266
1403619801851142
1403619699100009
1403619688724894
1403619871289427
1403619757850650
1403619910914869
1403619793288547
1403619736162915
1403619911414876
1403619745600526
1403619875851976
1403619859164291
1403619793663549
1403619876601986
1403619798788608
1403619692537431
1403619903602286
1403619754475621
1403619744100505
1403619784163457
1403619687287378
1403619858414285
1403619809976235
1403619721037752
1403619778725888
1403619825913914
1403619804851176
1403619746100532
1403619761788195
1403619840601589
1403619758850661
1403619800226125
1403619729412844
1403619855289240
1403619868164392
1403619725350300
1403619777725874
1403619841351596
1403619728600335
1403619728975339
1403619787163479
1403619803726164
1403619819663853
1403619864226853
1403619749975563
1403619745538024
1403619771725811
1403619779788403
1403619754600616
1403619908977348
1403619752100586
1403619848851680
1403619842414107
1403619831226485
1403619741537973
1403619860101806
1403619709725125
1403619834101514
1403619897852219
1403619794288560
1403619714037673
1403619910227360
1403619811351254
1403619793101048
1403619813413782
1403619865539367
1403619752163090
1403619726850316
1403619854476737
1403619889352124
1403619914164902
1403619868726896
1403619812726274
1403619785600962
1403619796601082
1403619757100641
1403619736912920
1403619778913391
1403619790351015
1403619711725150
1403619788100987
1403619829538965
1403619702975048
1403619730600360
1403619715912699
1403619703037550
1403619763350712
1403619827476438
1403619710787638
1403619841101594
1403619899539740
1403619834726521
1403619734162888
1403619783350950
1403619729912852
1403619910789867
1403619859664310
1403619893664674
1403619736725419
1403619861289320
1403619696662480
1403619913852400
1403619770475793
1403619764663231
1403619796976087
1403619737100421
1403619877602000
1403619702912548
1403619881289544
1403619851414210
1403619758225654
1403619721975262
1403619808851219
1403619731912872
1403619791038525
1403619840976592
1403619778225881
1403619753975608
1403619825851414
1403619737037924
1403619900039742
1403619695787472
1403619685287350
1403619739912950
1403619760038177
1403619896789711
1403619923477508
1403619771413304
1403619707850106
1403619775413346
1403619854289236
1403619847039159
1403619806163692
1403619906039815
1403619706225087
1403619757475645
1403619816726320
1403619920852477
1403619776038356
1403619866039373
1403619732725378
1403619764038221
1403619863414347
1403619760475678
1403619910977373
1403619864914360
1403619828663953
1403619894852190
1403619797413593
1403619832226493
1403619890602140
1403619833664012
1403619722912772
1403619717225208
1403619695537471
1403619783038444
1403619880914540
1403619813101277
1403619921602487
1403619756100631
1403619733162877
1403619833226504
1403619918914957
1403619884727071
1403619820788866
1403619738975439
1403619898477226
1403619771913315
1403619900914755
1403619767288256
1403619834226515
1403619684662345
1403619766100744
1403619852664224
1403619809538729
1403619688662391
1403619855726747
1403619838226560
1403619855914247
1403619882852055
1403619797851099
1403619914789908
1403619917602446
1403619921102484
1403619889727129
1403619904164789
1403619733600380
1403619833289005
1403619731475368
1403619776350857
1403619893977178
1403619845351641
1403619813038777
1403619852851726
1403619704912572
1403619896664709
1403619766163246
1403619705475078
1403619819976356
1403619812538770
1403619801101133
1403619867664394
1403619907414831
1403619900289746
1403619845164138
1403619891227145
1403619782600940
1403619915352415
1403619876351981
1403619822538880
1403619695412469
1403619801788644
1403619761538192
1403619882414551
1403619704350067
1403619868476892
1403619744163006
1403619738350434
1403619906352316
1403619730225353
1403619879102019
1403619806601195
1403619696412481
1403619741100466
1403619894102180
1403619905039804
1403619733850381
1403619868851895
1403619858789286
1403619851789215
1403619891914651
1403619828913955
1403619871914426
1403619755975629
1403619888039609
1403619701600035
1403619688474890
1403619764475726
1403619729787848
1403619830538975
1403619704975072
1403619903977287
1403619842789111
1403619778413384
1403619869289402
1403619790163510
1403619853226730
1403619829851467
1403619701475034
1403619901414759
1403619792288535
1403619915727421
1403619715537690
1403619917664950
1403619764413226
1403619684537342
1403619687412379
1403619900102244
1403619870914421
1403619802101146
1403619877039495
1403619860664312
1403619857664271
1403619878102004
1403619839601575
1403619821976378
1403619859726802
1403619884852073
1403619889414625
1403619730662858
1403619836039038
1403619823538891
1403619810288739
1403619872914440
1403619910352361
1403619826288920
1403619838164059
1403619761913197
1403619866476880
1403619868101893
1403619818163838
1403619708287613
1403619707537603
1403619790476013
1403619860226809
1403619769350779
1403619859914305
1403619805351183
1403619837976558
1403619836101537
1403619769288279
1403619686849871
1403619797538596
1403619748475547
1403619707787605
1403619847414163
1403619730287855
1403619746850533
1403619770350792
1403619864039352
1403619714787681
1403619862039332
1403619796101078
1403619750163066
1403619890977142
1403619843726624
1403619726412811
1403619923290006
1403619874101952
1403619725287799
1403619809601230
1403619839039069
1403619920789976
1403619727287821
1403619854164235
1403619704225063
1403619762538206
1403619907539832
1403619840164083
1403619902602271
1403619833601508
1403619735287900
1403619763850718
1403619808538716
1403619900227244
1403619864726861
1403619885039575
1403619704600069
1403619860914317
1403619827288933
1403619780350909
1403619791976032
1403619729100341
1403619753225601
1403619832976502
1403619855601744
1403619882352051
1403619728287832
1403619914664906
1403619855351742
1403619802226148
1403619834039012
1403619743663001
1403619919039960
1403619826851428
1403619899727240
1403619772163317
1403619739975451
1403619766350747
1403619746288030
1403619792788542
1403619697599992
1403619696724980
1403619859476797
1403619869226902
1403619761288188
1403619799726119
1403619786413471
1403619781725926
1403619855164242
1403619698850005
1403619747913039
1403619787913485
1403619904227290
1403619796226080
1403619684912344
1403619887602103
1403619752975596
1403619686037361
1403619779975902
1403619808726220
1403619775475847
1403619791663529
1403619760975684
1403619882789553
1403619729725347
1403619876914490
1403619883227060
1403619717037707
1403619803476162
1403619764350725
1403619773663332
1403619780163406
1403619739037943
1403619844851635
1403619697349992
1403619768350772
1403619709850127
1403619821288870
1403619799538616
1403619848476676
1403619785913464
1403619817913836
1403619787538481
1403619902477270
1403619823726388
1403619890914642
1403619822476380
1403619827851442
1403619763475713
1403619690599913
1403619870226914
1403619921164981
1403619807038701
1403619819288850
1403619873039440
1403619815413805
1403619878227008
1403619788225989
1403619893539672
1403619873851951
1403619761475691
1403619776100855
1403619839851580
1403619805163680
1403619922227494
1403619812101268
1403619832788999
1403619910477363
1403619751850582
1403619696037475
1403619864414356
1403619913289899
1403619789476005
1403619770225789
1403619860289308
1403619796788584
1403619775225844
1403619828726453
1403619919914966
1403619912789895
1403619777225869
1403619862664338
1403619843601621
1403619712787659
1403619688537390
1403619729975350
1403619699475014
1403619789726005
1403619708912620
1403619883852066
1403619751163082
1403619694787459
1403619830726480
1403619817726332
1403619892914664
1403619877539498
1403619709662624
1403619850164195
1403619846226651
1403619802476155
1403619760350679
1403619860601814
1403619886977096
1403619897789718
1403619733100378
1403619840914093
1403619823476387
1403619703912563
1403619710912641
1403619753350600
1403619844539132
1403619894664688
1403619739537947
1403619840226583
1403619718537723
1403619851164206
1403619781350920
1403619830913981
1403619891039641
1403619759475670
1403619716912706
1403619846851657
1403619903039776
1403619901102255
1403619777100868
1403619698912505
1403619769600782
1403619790726019
1403619757663147
1403619783913455
1403619903414784
1403619823851388
1403619702662545
1403619702725046
1403619844351632
1403619895914697
1403619904352291
1403619708725114
1403619843351618
1403619810601244
1403619759038164
1403619685224850
1403619707225100
1403619831726487
1403619770600793
1403619815663808
1403619881477048
1403619771288303
1403619733412883
1403619700225020
1403619804163669
1403619789538503
1403619749163055
1403619841914102
1403619750288068
1403619921539987
1403619852226719
1403619734475390
1403619735912910
1403619864289353
1403619813351281
1403619850539199
1403619869851910
1403619741725473
1403619737912929
1403619907352330
1403619694162450
1403619825288906
1403619728350332
1403619840726592
1403619742225480
1403619726100307
1403619727412822
1403619911852384
1403619796851088
1403619818101337
1403619787288485
1403619815163802
1403619924040016
1403619796476082
1403619758788161
1403619838851568
1403619903477281
1403619802163647
1403619746788032
1403619905789815
1403619812788773
1403619737287923
1403619885414580
1403619712475155
1403619703475055
1403619823101385
1403619795101069
1403619691224921
1403619913352397
1403619691599921
1403619762475706
1403619693787446
1403619805663687
1403619746475531
1403619741662972
1403619694849961
1403619846601655
1403619705225077
1403619889164622
1403619895289694
1403619749850562
1403619875164464
1403619686724874
1403619884164569
1403619865101864
1403619912352389
1403619691412424
1403619795038566
1403619886664593
1403619823976390
1403619879914529
1403619700850028
1403619739662946
1403619749788061
1403619756913139
1403619911164872
1403619909602353
1403619897977219
1403619725225312
1403619887789607
1403619889852131
1403619909727353
1403619741162966
1403619799788622
1403619906852323
1403619780975915
1403619840664089
1403619823163886
1403619724412790
1403619753038098
1403619686099862
1403619871726925
1403619858539284
1403619752288092
1403619800663631
1403619856726758
1403619869539404
1403619886352088
1403619800913634
1403619728475335
1403619889477126
1403619852601725
1403619867414391
1403619894477185
1403619706537589
1403619920727481
1403619870351913
1403619796663583
1403619773413328
1403619888664615
1403619899602240
1403619846914158
1403619801351138
1403619713537671
1403619883977070
1403619759413169
1403619896289702
1403619792351035
1403619873726951
1403619898164723
1403619843976625
1403619730350355
1403619762663206
1403619766913252
1403619808351215
1403619811976266
1403619849164184
1403619916977438
1403619851289209
1403619722350266
1403619904102288
1403619879664525
1403619758725659
1403619751475579
1403619907664834
1403619738225431
1403619778538385
1403619916289931
1403619748663048
1403619687537382
1403619694474955
1403619687849886
1403619905727311
1403619797351092
1403619838914068
1403619701350032
1403619922789999
1403619839289072
1403619883164559
1403619883602066
1403619790663517
1403619747850538
1403619736787921
1403619868601893
1403619690474912
1403619886289587
1403619758538157
1403619767913264
1403619911664880
1403619769100778
1403619856851760
1403619801226136
1403619774788341
1403619832538999
1403619813226281
1403619698037495
1403619789038500
1403619720037740
1403619902164767
1403619722037763
1403619702350042
1403619709412622
1403619909852356
1403619793726050
1403619870851923
1403619920664977
1403619868914397
1403619787413480
1403619871101924
1403619922039994
1403619823351386
1403619856226751
1403619895727196
1403619822788883
1403619844164129
1403619749038052
1403619919477464
1403619792101033
1403619770850796
1403619831413984
1403619915852422
1403619922289994
1403619795538572
1403619795163570
1403619822288879
1403619919414963
1403619906664820
1403619894227182
1403619716225200
1403619853101728
1403619904789803
1403619721100253
1403619833851511
1403619810351240
1403619853976735
1403619724912795
1403619765725738
1403619697287487
1403619829038957
1403619805976194
1403619736475417
1403619743600498
1403619884477069
1403619878039506
1403619882977072
1403619744538014
1403619858289281
1403619709975128
1403619845414141
1403619830851479
1403619874601960
1403619797663596
1403619825038903
1403619849101683
1403619752850595
1403619890727140
1403619816663819
1403619767663262
1403619811476256
1403619713100162
1403619882602052
1403619826538924
1403619896602206
1403619803976165
1403619738162931
1403619826413921
1403619877101990
1403619775600849
1403619887164600
1403619898977231
1403619795851074
1403619892852163
1403619818601341
1403619905539808
1403619872039431
1403619746225529
1403619864789362
1403619921477486
1403619700725025
1403619725162797
1403619770163289
1403619779038390
1403619813538783
1403619889227123
1403619761663193
1403619889664628
1403619785538462
1403619807601209
1403619766975754
1403619836539044
1403619898852231
1403619853914234
1403619735725406
1403619725475301
1403619752788093
1403619797601095
1403619779850902
1403619694599959
1403619893039666
1403619738037930
1403619872414433
1403619878914518
1403619783600951
1403619727475323
1403619839476574
1403619718662726
1403619888414614
1403619833414006
1403619803101160
1403619736037912
1403619799913620
1403619705975084
1403619732662875
1403619742600485
1403619831476485
1403619761413190
1403619720725249
1403619803288660
1403619831163984
1403619822851383
1403619922164994
1403619800038621
1403619722787772
1403619824226393
1403619822101378
1403619811601257
1403619728162830
1403619857164265
1403619866101874
1403619685724859
1403619720475251
1403619784538458
1403619921289983
1403619785788463
1403619844664133
1403619704537567
1403619770413291
1403619723100276
1403619870476916
1403619837476552
1403619862226832
1403619691037421
1403619841414096
1403619755538123
1403619855976747
1403619701037528
1403619879977030
1403619744600512
1403619735412901
1403619706975097
1403619797288591
1403619807288704
1403619772225818
1403619769163278
1403619858226778
1403619852476723
1403619773975832
1403619852289219
1403619770288302
1403619799413615
1403619829476463
1403619863289346
1403619881789548
1403619854351737
1403619760288178
1403619831788988
1403619835601533
1403619896414704
1403619867101891
1403619836351543
1403619722975273
1403619867289389
1403619920602475
1403619772788324
1403619876726987
1403619817038823
1403619858976791
1403619779413395
1403619720225243
1403619805538685
1403619719850238
1403619771538306
1403619750663073
1403619828976459
1403619871601924
1403619832038990
1403619913727400
1403619716037697
1403619779100892
1403619852414220
1403619777600873
1403619701725037
1403619794163555
1403619906602320
1403619824788899
1403619807538708
1403619758913165
1403619919289962
1403619793038548
1403619792601039
1403619707162597
1403619803851163
1403619771600807
1403619908164844
1403619895602196
1403619792163533
1403619912977395
1403619727537823
1403619898539726
1403619923602510
1403619689787404
1403619860976816
1403619757788149
1403619764288224
1403619705037573
1403619922727500
1403619754725616
1403619795288570
1403619872476934
1403619890414638
1403619821101369
1403619700100018
1403619748413045
1403619688787392
1403619715412688
1403619733662880
1403619896914711
1403619886164587
1403619752663092
1403619891289645
1403619847914169
1403619771350804
1403619740350455
1403619914227417
1403619726537812
1403619734850394
1403619883727065
1403619797101089
1403619693599943
1403619921352489
1403619723037775
1403619705662581
1403619806288694
1403619748100542
1403619862101831
1403619739162946
1403619709162619
1403619737725427
1403619895352194
1403619853539233
1403619871976929
1403619797476094
1403619804726175
1403619778350882
1403619842351607
1403619881664548
1403619688974897
1403619861601823
1403619896477207
1403619819726358
1403619885352080
1403619821351372
1403619849789190
1403619714662680
1403619692349929
1403619761038185
1403619710725137
1403619760725682
1403619714162674
1403619894039679
1403619793163548
1403619769788283
1403619761225687
1403619855664245
1403619828538951
1403619863601847
1403619907789838
1403619874914465
1403619735662905
1403619755600624
1403619866226875
1403619859601797
1403619738287932
1403619727162819
1403619802726155
1403619739350443
1403619699787517
1403619923540009
1403619863726849
1403619733287878
1403619846039148
1403619791601028
1403619843914125
1403619919852465
1403619774100833
1403619763788218
1403619918414958
1403619747100533
1403619756600637
1403619854601737
1403619722287765
1403619878164507
1403619783288448
1403619748225543
1403619865289368
1403619693412441
1403619887914606
1403619696287480
1403619910727367
1403619684787344
1403619724037785
1403619905227304
1403619695162467
1403619801288636
1403619762850709
1403619859851803
1403619884914575
1403619792663540
1403619749475557
1403619911289874
1403619710350133
1403619858164280
1403619773100830
1403619771788311
1403619857351769
1403619793601052
1403619912602393
1403619757975652
1403619890039633
1403619736100413
1403619886414589
1403619770538292
1403619696099977
1403619832413997
1403619859351794
1403619700787526
1403619809413727
1403619826913929
1403619814413794
1403619762100699
1403619827788943
1403619881602049
1403619793851052
1403619802976158
1403619819476351
1403619773225829
1403619745225520
1403619877664500
1403619685412352
1403619689724903
1403619817351327
1403619894289688
1403619912664894
1403619720787748
1403619699600017
1403619765475737
1403619734725393
1403619920414973
1403619794601064
1403619870539419
1403619694412454
1403619850101708
1403619687099876
1403619734912895
1403619722100264
1403619684724845
1403619699850017
1403619825413911
1403619736662921
1403619795476072
1403619685037347
1403619854226751
1403619807976215
1403619898664728
1403619922915001
1403619828476453
1403619808413715
1403619742475483
1403619914727422
1403619744850515
1403619732100375
1403619894727192
1403619864351856
1403619907852336
1403619760913186
1403619700475037
1403619763975720
1403619879727027
1403619721350255
1403619817476329
1403619735100400
1403619863664347
1403619786663475
1403619730100351
1403619846101649
1403619830413973
1403619747413036
1403619762225701
1403619727100318
1403619903914787
1403619762913207
1403619703787561
1403619907727335
1403619717600213
1403619688349890
1403619900352246
1403619808913722
1403619881727048
1403619840289085
1403619837414051
1403619810226238
1403619791413526
1403619754100611
1403619799663618
1403619707912606
1403619911477380
1403619910102358
1403619794851065
1403619882664554
1403619897414716
1403619752913096
1403619794351059
1403619866976885
1403619891977152
1403619884602070
1403619763725717
1403619856039251
1403619799288613
1403619848976681
1403619891789650
1403619728037829
1403619712537657
1403619811038750
1403619748163043
1403619747975539
1403619857101765
1403619924227519
1403619697099985
1403619809663730
1403619812413768
1403619689037395
1403619916852438
1403619777538372
1403619819788855
1403619901977266
1403619793413548
1403619771475805
1403619750975577
1403619901539761
1403619778163380
1403619897914720
1403619853289230
1403619801038633
1403619698475000
1403619759788176
1403619782975945
1403619735350401
1403619806101195
1403619874539458
1403619777975877
1403619739475446
1403619791913532
1403619888352113
1403619787663485
1403619847601665
1403619907602333
1403619826101417
1403619740100453
1403619922477496
1403619690724915
1403619729475344
1403619781163418
1403619712350157
1403619779663400
1403619753288099
1403619835226527
1403619743162992
1403619772913325
1403619726725314
1403619809288725
1403619812663771
1403619755100619
1403619773163328
1403619773350828
1403619860851817
1403619887727104
1403619899414737
1403619857039262
1403619750913076
1403619838664065
1403619845851646
1403619866164374
1403619913102399
1403619916914941
1403619726475311
1403619919664964
1403619862289332
1403619892727164
1403619821913878
1403619849414186
1403619801726141
1403619868664393
1403619732350377
1403619883039557
1403619767413257
1403619865726871
1403619878602012
1403619909164849
1403619765538238
1403619731350371
1403619758413155
1403619885914584
1403619761350689
1403619752538090
1403619690037410
1403619706037584
1403619857226765
1403619729850349
1403619916539934
1403619834789022
1403619830101469
1403619774975842
1403619733475379
1403619759663172
1403619701162531
1403619725662804
1403619707350102
1403619808288718
1403619786913478
1403619686662369
1403619732975377
1403619805601187
1403619842539108
1403619740287954
1403619881977049
1403619724975299
1403619875664474
1403619685787357
1403619741225470
1403619905602308
1403619817163825
1403619837539053
1403619913914900
1403619731162864
1403619902852280
1403619759913176
1403619686474867
1403619687162377
1403619743850504
1403619734787894
1403619845664144
1403619704662569
1403619762288204
1403619748038039
1403619697662493
1403619739100442
1403619694287453
1403619701100029
1403619892539660
1403619708100107
1403619819913855
1403619738725436
1403619876789488
1403619908227341
1403619716412700
1403619742100478
1403619854789238
1403619904539794
1403619860476809
1403619818413839
1403619766850751
1403619763225711
1403619751413080
1403619772850824
1403619923227520
1403619897539718
1403619876539486
1403619917289942
1403619747725538
1403619893352169
1403619768163267
1403619869789406
1403619905664809
1403619810913748
1403619796288580
1403619740975465
1403619719787739
1403619756475635
1403619895039693
1403619777350870
1403619922352495
1403619821413872
1403619867476890
1403619923165004
1403619770975798
1403619821226370
1403619691912426
1403619824288894
1403619835664035
1403619920102470
1403619771163301
1403619897102213
1403619876164478
1403619872976941
1403619779350896
1403619790976020
1403619737475425
1403619696474978
1403619800976135
1403619814038790
1403619792726044
1403619916789935
1403619772475821
1403619846726656
1403619914477407
1403619756788139
1403619823663888
1403619713912672
1403619826351421
1403619710287631
1403619827726441
1403619754163110
1403619835976538
1403619862539336
1403619825101406
1403619773725831
1403619747663038
1403619898352223
1403619828413949
1403619891414646
1403619888852117
1403619700162522
1403619872789439
1403619814351293
1403619751725582
1403619921414985
1403619871539425
1403619758163152
1403619788350992
1403619769038280
1403619798913608
1403619824538895
1403619844476631
1403619777038368
1403619713162663
1403619824413894
1403619838601564
1403619898789728
1403619880789539
1403619876289482
1403619700412522
1403619862726836
1403619915164913
1403619698787504
1403619754350615
1403619790913519
1403619829726465
1403619810163737
1403619779225892
1403619796726084
1403619855226743
1403619710100130
1403619772600824
1403619691349921
1403619775288344
1403619901914765
1403619829163959
1403619729537845
1403619905977313
1403619749538057
1403619888977120
1403619917789948
1403619745475524
1403619781788429
1403619739600448
1403619710662636
1403619694724959
1403619888164609
1403619703287552
1403619833039003
1403619813788787
1403619749100553
1403619701787537
1403619777288371
1403619767163254
1403619874789460
1403619713225168
1403619774475835
1403619917414944
1403619789851006
1403619884352074
1403619923040005
1403619698662502
1403619778100880
1403619818288837
1403619867601888
1403619838351561
1403619805413684
1403619767038252
1403619908289845
1403619917352442
1403619726600316
1403619760163177
1403619793538551
1403619841976603
1403619787600983
1403619776850864
1403619696162477
1403619759225666
1403619841789101
1403619915914926
1403619896164704
1403619836726543
1403619817413828
1403619878664515
1403619884789571
1403619923102504
1403619911227373
1403619821663875
1403619719100229
1403619875601972
1403619740787963
1403619723912784
1403619761850696
1403619690162409
1403619917039938
1403619915664921
1403619828351452
1403619707475103
1403619792038535
1403619756850640
1403619806226195
1403619817601329
1403619756038130
1403619905914812
1403619908789847
1403619807788712
1403619744288008
1403619792913544
1403619748975551
1403619807101202
1403619880352034
1403619751100577
1403619803788664
1403619924477522
1403619716850204
1403619853664233
1403619757225647
1403619886852096
1403619810413741
1403619843164118
1403619802663655
1403619689662403
1403619837726554
1403619859789300
1403619825726412
1403619695099963
1403619726787816
1403619855789248
1403619850476698
1403619701287531
1403619833914012
1403619918539959
1403619798663605
1403619803038659
1403619728725340
1403619723287776
1403619847101660
1403619882102049
1403619774163334
1403619824663902
1403619711600150
1403619909664852
1403619800851134
1403619750788075
1403619801663641
1403619775538363
1403619861664327
1403619740600460
1403619732037874
1403619786100967
1403619902414770
1403619717850215
1403619878414511
1403619845539143
1403619693724945
1403619829226461
1403619866789382
1403619804976178
1403619810038736
1403619735850411
1403619904914799
1403619719412733
1403619740475458
1403619913039895
1403619877914504
1403619713475167
1403619803163660
1403619720162741
1403619742412984
1403619869164401
1403619885227077
1403619797163590
1403619911102372
1403619786350971
1403619833726509
1403619716600202
1403619816413816
1403619869101898
1403619845101638
1403619910602365
1403619824038890
1403619692224927
1403619891164646
1403619850976704
1403619835539032
1403619804788675
1403619805913693
1403619848351674
1403619762038199
1403619715975196
1403619903227278
1403619710037629
1403619786725975
1403619747288035
1403619773038326
1403619751038078
1403619757038140
1403619745038017
1403619921915007
1403619760413179
1403619762163205
1403619807413706
1403619789913507
1403619867226887
1403619862914340
1403619736850422
1403619770038285
1403619899977242
1403619898102221
1403619694912464
1403619710412633
1403619862601834
1403619834601520
1403619788850997
1403619697724994
1403619873914451
1403619765663239
1403619869664406
1403619799851119
1403619799976120
1403619694537456
1403619884977075
1403619742162979
1403619853164229
1403619778663387
1403619707662605
1403619759538170
1403619830226471
1403619687224877
1403619791538527
1403619909039849
1403619810726245
1403619915414916
1403619685974860
1403619772038316
1403619725912805
1403619703850061
1403619919727465
1403619788288490
1403619870164413
1403619883539564
1403619698162496
1403619867851892
1403619756975640
1403619754975617
1403619880977040
1403619846476653
1403619744788014
1403619788725995
1403619729162842
1403619718787726
1403619781038417
1403619897477218
1403619724537790
1403619829913968
1403619753850607
1403619919227461
1403619720537747
1403619916164929
1403619819601356
1403619893289669
1403619904602297
1403619906414832
1403619771850813
1403619794538560
1403619782163432
1403619780663411
1403619782850941
1403619773288330
1403619731787873
1403619867976893
1403619899477236
1403619740412955
1403619851914217
1403619763663216
1403619909977360
1403619814226292
1403619744913016
1403619826163919
1403619816976323
1403619874414455
1403619774350834
1403619714100174
1403619750475571
1403619848289173
1403619917227441
1403619920289972
1403619771100800
1403619896539707
1403619694224951
1403619782413437
1403619757288143
1403619740537957
1403619883414563
1403619887539604
1403619732475374
1403619769913284
1403619798601106
1403619749288056
1403619840539086
1403619849289185
1403619762413204
1403619851851717
1403619776663359
1403619879352021
1403619841539098
1403619689974907
1403619800476133
1403619847976672
1403619784975959
1403619794101054
1403619898039721
1403619690287409
1403619880602037
1403619771038299
1403619856476754
1403619728100330
1403619824851400
1403619915977424
1403619876039479
1403619842851612
1403619879039518
1403619739725448
1403619901602262
1403619761975698
1403619881039541
1403619861039317
1403619854914239
1403619743037991
1403619695849971
1403619872101930
1403619856976764
1403619818726342
1403619916602436
1403619688099885
1403619898602227
1403619835476531
1403619907977341
1403619893477171
1403619888727116
1403619709350121
1403619909352350
1403619740725463
1403619684849844
1403619696912484
1403619741350467
1403619695224967
1403619809726232
1403619849539188
1403619879227022
1403619764600729
1403619918164954
1403619690912416
1403619785225961
1403619858476785
1403619717662714
1403619830476477
1403619854664240
1403619836289039
1403619777913377
1403619727725325
1403619806663696
1403619698600002
1403619691287421
1403619849726689
1403619899852240
1403619808038713
1403619827663939
1403619820413862
1403619773850831
1403619915039911
1403619922414995
1403619733725380
1403619857539270
1403619799101112
1403619806913700
1403619750038064
1403619799163612
1403619745100519
1403619906539818
1403619810663744
1403619723600283
1403619828101447
1403619865851873
1403619888102111
1403619820226362
1403619782288433
1403619914102401
1403619877977002
1403619755350621
1403619816038812
1403619895102192
1403619716662703
1403619913602399
1403619909789854
1403619870789423
1403619851476712
1403619774850841
1403619840476588
1403619842601609
1403619758475657
1403619774913342
1403619834289016
1403619794413559
1403619861789327
1403619804913680
1403619881164543
1403619795663573
1403619850601700
1403619889977132
1403619890289637
1403619897352216
1403619909227350
1403619892977165
1403619816101313
1403619860039305
1403619906289815
1403619721162756
1403619762975707
1403619788600994
1403619883789567
1403619897602217
1403619699287510
1403619823288886
1403619821788877
1403619920227472
1403619843226616
1403619776163355
1403619870976924
1403619685662356
1403619728662835
1403619895477195
1403619703162552
1403619901039754
1403619698975008
1403619871664428
1403619852164219
1403619691724921
1403619821726375
1403619768475772
1403619778475885
1403619906977324
1403619864601857
1403619693224938
1403619880227032
1403619913539899
1403619709537623
1403619712850160
1403619793351050
1403619914414904
1403619771225802
1403619734975396
1403619779600897
1403619892289656
1403619902727272
1403619903539784
1403619768975777
1403619719537735
1403619867039386
1403619777163370
1403619832476495
1403619798038601
1403619786600979
1403619702037541
1403619855476745
1403619790538514
1403619781100918
1403619903102279
1403619889039623
1403619872164431
1403619806538695
1403619716975206
1403619829788966
1403619792851044
1403619765038231
1403619764538226
1403619768413273
1403619697412492
1403619775663350
1403619861351821
1403619880164531
1403619790038509
1403619858914292
1403619703412556
1403619784225958
1403619706287587
1403619844039125
1403619724100289
1403619750225567
1403619913477398
1403619858726786
1403619783725954
1403619765350735
1403619817976336
1403619734662892
1403619859539297
1403619742975490
1403619806788698
1403619719475234
1403619886789595
1403619851664214
1403619706412589
1403619738412937
1403619830788977
1403619874289457
1403619788663495
1403619822038877
1403619793226048
1403619750100566
1403619753163101
1403619810851246
1403619791101022
1403619782913442
1403619807726210
1403619759288167
1403619722162779
1403619788913498
1403619893852177
1403619880289533
1403619780413412
1403619810788749
1403619798226103
1403619870726920
1403619786038466
1403619790226011
1403619801413637
1403619737412924
1403619781288420
1403619868789395
1403619785975965
1403619829601464
1403619882039550
1403619759850676
1403619876414484
1403619729350343
1403619755413122
1403619809226227
1403619811101251
1403619892352159
1403619742537984
1403619699225010
1403619912039888
1403619894789689
1403619735787909
1403619837101561
1403619884414569
1403619767475758
1403619825226405
1403619718037719
1403619761100687
1403619893414671
1403619907914839
1403619924290022
1403619860414311
1403619812163767
1403619904977300
1403619787850984
1403619786538473
1403619808476217
1403619814788798
1403619695724970
1403619816351315
1403619776788364
1403619859226793
1403619758663159
1403619809913734
1403619808976222
1403619770663294
1403619825163904
1403619834351517
1403619884289570
1403619915289920
1403619685599858
1403619898414728
1403619877414498
1403619801601140
1403619895164698
1403619848226672
1403619700037519
1403619685099848
1403619897039712
1403619810476242
1403619805851192
1403619740912964
1403619744413009
1403619803226161
1403619809101222
1403619869976910
1403619711350144
1403619820601363
1403619922852500
1403619686162363
1403619814101290
1403619773538330
1403619721662758
1403619837851556
1403619686287366
1403619800538631
1403619820726365
1403619689412400
1403619886602095
1403619746975533
1403619705912583
1403619733912882
1403619860164308
1403619781600924
1403619759975677
1403619804351172
1403619856164251
1403619787350980
1403619755663124
1403619765288235
1403619911789881
1403619840414085
1403619705725081
1403619807913717
1403619768225769
1403619875289467
1403619816851321
1403619692787431
1403619906164814
1403619845476642
1403619771975816
1403619749413056
1403619695349967
1403619913977401
1403619769850783
1403619861539322
1403619869914408
1403619828601453
1403619736287917
1403619844726633
1403619799351115
1403619741287967
1403619924352522
1403619893102166
1403619704412566
1403619686599870
1403619756538134
1403619863539348
1403619901289757
1403619903789789
1403619889289625
1403619704162563
1403619742350481
1403619743287994
1403619710162630
1403619745725526
1403619900789752
1403619692599932
1403619831351483
1403619775163343
1403619705600079
1403619874976963
1403619737850428
1403619745413023
1403619866914383
1403619896102202
1403619857914274
1403619708600115
1403619867789391
1403619872601936
1403619909414851
1403619871789426
1403619875539469
1403619685162349
1403619792413539
1403619923415010
1403619716100196
1403619822601381
1403619847726666
1403619769475780
1403619842039103
1403619754788118
1403619760663181
1403619794726066
1403619718162719
1403619805726188
1403619869726909
1403619694662457
1403619723412783
1403619875914478
1403619821038869
1403619833789010
1403619800788631
1403619845726644
1403619883914566
1403619717912717
1403619768100766
1403619811913761
1403619758600657
1403619788975999
1403619752600592
1403619716287699
1403619912477391
1403619731037864
1403619740662961
1403619835351531
1403619738600434
1403619693287438
1403619788163488
1403619834664020
1403619749600558
1403619718225220
1403619794663562
1403619865476868
1403619726225309
1403619895227194
1403619784350959
1403619742287981
1403619753663107
1403619742037993
1403619871476926
1403619886539592
1403619843289119
1403619826788927
1403619920977481
1403619899789744
1403619909477351
1403619823788889
1403619747475537
1403619904727299
1403619919102462
1403619817663830
1403619750538074
1403619834476517
1403619846164150
1403619713287665
1403619814976300
1403619712975162
1403619764975730
1403619805226182
1403619711037641
1403619698224998
1403619868351894
1403619763038207
1403619868414393
1403619796038577
1403619913164896
1403619802538652
1403619847351662
1403619754538115
1403619758975668
1403619693099936
1403619846351652
1403619920352473
1403619915102413
1403619879414521
1403619827038930
1403619892414658
1403619781225919
1403619760600680
1403619897289717
1403619729600347
1403619730162852
1403619885852084
1403619719225231
1403619771663309
1403619751788082
1403619899664738
1403619686224863
1403619878852017
1403619917914950
1403619731537871
1403619754288114
1403619827601442
1403619767975765
1403619852539225
1403619889102121
1403619781913429
1403619918352456
1403619800163623
1403619923915014
1403619869351902
1403619859976805
1403619773913331
1403619743975505
1403619738787937
1403619825476409
1403619769413283
1403619848789179
1403619791476027
1403619848914180
1403619834539018
1403619684599843
1403619704100065
1403619873226947
1403619839539075
1403619789413502
1403619779913404
1403619910164859
1403619838414062
1403619902227267
1403619810976249
1403619907102327
1403619720350243
1403619905352306
1403619815038801
1403619717350211
1403619779538395
1403619905102302
1403619906227316
1403619800351129
1403619862976840
1403619744475510
1403619703600057
1403619749225556
1403619784913459
1403619791851032
1403619711662647
1403619815851311
1403619890539643
1403619779163392
1403619784413457
1403619921977493
1403619824976403
1403619852914225
1403619739287943
1403619708475112
1403619725975307
1403619847164161
1403619893727174
1403619731600371
1403619851226707
1403619827101432
1403619877852002
1403619919789965
1403619714850182
1403619839351573
1403619736412915
1403619806851198
1403619726912820
1403619874039455
1403619828226449
1403619754663116
1403619863976849
1403619862414334
1403619743225493
1403619863914349
1403619891852151
1403619688037386
1403619730975362
1403619850289197
1403619865351865
1403619781975931
1403619701412536
1403619909102349
1403619811788759
1403619783538448
1403619825538910
1403619713725172
1403619839976582
1403619691537421
1403619714912683
1403619855851748
1403619724225287
1403619784038456
1403619887852105
1403619707600103
1403619781413421
1403619694349954
1403619787725983
1403619809476228
1403619748600548
1403619693537442
1403619690412411
1403619885477079
1403619721787762
1403619784600958
1403619919977468
1403619824101404
1403619808101215
1403619870101912
1403619719600236
1403619815101302
1403619917102439
1403619753788105
1403619831538988
1403619699162508
1403619888789617
1403619816788821
1403619712662659
1403619837789055
1403619843101615
1403619887977108
1403619803601163
1403619702287541
1403619798851109
1403619705850082
1403619742912989
1403619875101964
1403619838476563
1403619890102134
1403619818663841
1403619745163020
1403619693162437
1403619876226980
1403619918852457
1403619699912517
1403619739412945
1403619778788389
1403619871851928
1403619880727038
1403619726287810
1403619763538214
1403619725600303
1403619757913151
1403619813726287
1403619777413373
1403619813476283
1403619800288625
1403619815726309
1403619900977253
1403619877476996
1403619892789662
1403619735225399
1403619798163606
1403619753600603
1403619880539535
1403619766663248
1403619803351162
1403619757350643
1403619841039093
1403619724350288
1403619834164015
1403619764163222
1403619865789370
1403619871164425
1403619738662935
1403619885539579
1403619878289511
1403619815538807
1403619843476621
1403619707037598
1403619792226034
1403619787038478
1403619897664732
1403619702537544
1403619913664900
1403619754225613
1403619829101460
1403619714225176
1403619915477417
1403619801976145
1403619907289828
1403619752038085
1403619848601677
1403619812038766
1403619765975745
1403619772288318
1403619830288978
1403619915227413
1403619864476856
1403619915789921
1403619824351395
1403619808788720
1403619694099950
1403619824601397
1403619741912975
1403619806476194
1403619804288670
1403619808601218
1403619898289725
1403619850851703
1403619908727348
1403619837914056
1403619724725293
1403619871414425
1403619815976312
1403619922977502
1403619790101010
1403619772975826
1403619753538102
1403619919352462
1403619921852491
1403619758350655
1403619731412869
1403619757163146
1403619790288512
1403619687474878
1403619775850853
1403619871226925
1403619777850876
1403619804663673
1403619899102232
1403619914352405
1403619797788598
1403619777475871
1403619854539236
1403619900602249
1403619903352281
1403619885164575
1403619911539880
1403619763100709
1403619692724933
1403619799226116
1403619695037464
1403619809851233
1403619799038613
1403619775100842
1403619845226639
1403619883289561
1403619839164070
1403619715662696
1403619687912387
1403619916414932
1403619901664763
1403619832914001
1403619741975476
1403619702600045
1403619834914022
1403619825788913
1403619751288079
1403619757538146
1403619880664537
1403619750600572
1403619775788351
1403619809038722
1403619821476374
1403619756225632
1403619815351305
1403619816476319
1403619796913586
1403619737225423
1403619827913942
1403619719287732
1403619709225120
1403619856539256
1403619877226995
1403619904039788
1403619744663013
1403619756413133
1403619778600886
1403619919164960
1403619848726679
1403619743913002
1403619853351730
1403619744725513
1403619770788295
1403619900664749
1403619780850914
1403619764913232
1403619724600291
1403619779288393
1403619812476271
1403619813851288
1403619836476542
1403619921664988
1403619756350634
1403619902352268
1403619786225969
1403619852101716
1403619907477331
1403619689474901
1403619688412388
1403619718600224
1403619798101102
1403619889789630
1403619772413321
1403619921039982
1403619799476116
1403619890352137
1403619891602149
1403619863851848
1403619734100384
1403619706912594
1403619811163751
1403619869601905
1403619912852396
1403619895977198
1403619812601273
1403619906102313
1403619718350222
1403619861976831
1403619696974983
1403619715600193
1403619874851963
1403619916227429
1403619884539570
1403619890789641
1403619783975956
1403619855101740
1403619797913599
1403619858039278
1403619871039423
1403619770913298
1403619813163778
1403619692662432
1403619782663441
1403619714725181
1403619744350514
1403619799601117
1403619692287429
1403619742787989
1403619808226214
1403619760100676
1403619819351349
1403619757413144
1403619853476732
1403619876976991
1403619762788206
1403619894352184
1403619804538672
1403619802601153
1403619692162426
1403619759600674
1403619733037877
1403619715287687
1403619731100365
1403619889914631
1403619876476985
1403619802413650
1403619752413090
1403619715037686
1403619785850964
1403619832601498
1403619775913354
1403619918664956
1403619753913107
1403619912727411
1403619873539449
1403619920164970
1403619707287604
1403619708850116
1403619922664998
1403619711975153
1403619866289378
1403619902289768
1403619745350523
1403619901727263
1403619715225186
1403619918289956
1403619745913030
1403619839226571
1403619904414795
1403619776975863
1403619773475831
1403619785413462
1403619912102388
1403619756725639
1403619775038345
1403619720600247
1403619908039843
1403619746163030
1403619906727325
1403619904477295
1403619765850743
1403619697787493
1403619847789167
1403619740162952
1403619734600391
1403619797726097
1403619877351994
1403619857414268
1403619760850683
1403619920539977
1403619874226955
1403619702412543
1403619708787615
1403619743475497
1403619774725839
1403619812351270
1403619736537917
1403619744975516
1403619728912841
1403619885789583
1403619883664565
1403619744225506
1403619733225381
1403619860726813
1403619849976693
1403619911039871
1403619854976739
1403619891664650
1403619811288753
1403619820663864
1403619887414601
1403619820913867
1403619889539627
1403619923790013
1403619910414862
1403619825663911
1403619881102043
1403619706850093
1403619844414131
1403619822726382
1403619690787416
1403619824913904
1403619766600748
1403619740037953
1403619691974925
1403619841289095
1403619826476422
1403619888602114
1403619766288248
1403619766538248
1403619878539513
1403619842101604
1403619837289050
1403619785725963
1403619902914775
1403619880039530
1403619773788331
1403619843039114
1403619893602173
1403619793476048
1403619922539996
1403619796538590
1403619748725550
1403619919602464
1403619693349940
1403619732537879
1403619753413101
1403619703350055
1403619785663466
1403619769538281
1403619703662559
1403619797226091
1403619915539918
1403619804413670
1403619875039465
1403619697537492
1403619817788832
1403619734287887
1403619769975787
1403619870039409
1403619795226073
1403619732412874
1403619888539614
1403619733787881
1403619861414321
1403619755913128
1403619822163879
1403619803913664
1403619797976100
1403619918602461
1403619885727082
1403619740850464
1403619779725902
1403619873101941
1403619717537712
1403619749725560
1403619717100208
1403619913789899
1403619916352429
1403619742850489
1403619829976482
1403619847851670
1403619914977412
1403619723725281
1403619787100979
1403619724287788
1403619746600546
1403619798288603
1403619789788506
1403619854101735
1403619859101791
1403619836414040
1403619829413965
1403619859414295
1403619743725502
1403619865664370
1403619813601285
1403619870601917
1403619923852513
1403619893164668
1403619901477259
1403619715850195
1403619826038917
1403619794476061
1403619833476507
1403619883477066
1403619795351071
1403619803538663
1403619807851212
1403619851601712
1403619705287578
1403619775725850
1403619820288860
1403619776475858
1403619877727002
1403619741600475
1403619798413604
1403619802288649
1403619745975529
1403619842664110
1403619790788521
1403619759100667
1403619722412767
1403619888289612
1403619746725532
1403619807226204
1403619748538048
1403619887352100
1403619716725204
1403619723225278
1403619918477456
1403619910664866
1403619853851734
1403619889602127
1403619801913644
1403619839726581
1403619812976277
1403619802851157
1403619810101237
1403619736225416
1403619924102517
1403619738475435
1403619734350388
1403619701912541
1403619849601691
1403619886914595
1403619704287566
1403619805038681
1403619859289293
1403619725850305
1403619823226386
1403619848664178
1403619768038270
1403619714412677
1403619689287399
1403619855414242
1403619722475268
1403619886727093
1403619720100241
1403619780100904
1403619872226932
1403619811663758
1403619897227216
1403619876101979
1403619860789314
1403619789976008
1403619709037619
1403619781475923
1403619774413337
1403619702100042
1403619894977192
1403619798476104
1403619897727219
1403619849226685
1403619780538409
1403619877289495
1403619768538277
1403619923665011
1403619800601132
1403619711225144
1403619700537523
1403619814476295
1403619851101706
1403619789288502
1403619734037884
1403619832663998
1403619826663925
1403619821601374
1403619768663276
1403619891102143
1403619693912447
1403619789163500
1403619805288682
1403619814538796
1403619820476362
1403619727912828
1403619875414470
1403619815476306
1403619905852312
1403619764100722
1403619792538538
1403619805788689
1403619923727512
1403619728225330
1403619745850527
1403619752350590
1403619806976200
1403619852789224
1403619796163579
1403619806038693
1403619918039952
1403619862851839
1403619747163034
1403619755163119
1403619761163187
1403619820038861
1403619724850294
1403619748288044
1403619918227460
1403619872851941
1403619706350088
1403619760788188
1403619847539165
1403619788038487
1403619880414534
1403619721225254
1403619700350023
1403619831913990
1403619696599981
1403619736600420
1403619857851775
1403619909914862
1403619719162730
1403619875351969
1403619751538080
1403619745788027
1403619820351361
1403619737537926
1403619783225948
1403619795413572
1403619685349856
1403619721725262
1403619814851299
1403619868539393
1403619868976896
1403619772350819
1403619812851274
1403619749913063
1403619881414546
1403619858601785
1403619753475602
1403619768788279
1403619769663282
1403619807476207
1403619752725593
1403619714350177
1403619826601424
1403619686974875
1403619786163470
1403619811413755
1403619690349910
1403619887664605
1403619845914148
1403619774538337
1403619864664358
1403619857726772
1403619787788485
1403619909539853
1403619918977461
1403619795601073
1403619835851534
1403619747600538
1403619720912753
1403619911727382
1403619763600715
1403619686349865
1403619709475126
1403619737787930
1403619739225443
1403619912289888
1403619829288961
1403619720850252
1403619820976367
1403619923352507
1403619706100086
1403619802913657
1403619841601599
1403619731850375
1403619731225368
1403619827413937
1403619843664124
1403619712037654
1403619836664042
1403619774225836
1403619838289060
1403619698350000
1403619833164003
1403619921227485
1403619775350845
1403619836226540
1403619784725959
1403619768850779
1403619825351409
1403619892227155
1403619688224887
1403619887039597
1403619912227387
1403619786975978
1403619747788039
1403619780913415
1403619835039024
1403619856101750
1403619914852411
1403619750725574
1403619747538037
1403619749663060
1403619756163131
1403619744038004
1403619914602406
1403619702225040
1403619701975040
1403619807163703
1403619908352345
1403619723975286
1403619715162689
1403619717287709
1403619789101001
1403619842726613
1403619754913118
1403619874726961
1403619790601014
1403619730787860
1403619836789044
1403619772663324
1403619727850327
1403619693662444
1403619875726973
1403619743350495
1403619846414153
1403619895539695
1403619899227235
1403619896852210
1403619847476664
1403619917727447
1403619684412340
1403619820101358
1403619878789514
1399382232848597
1399382168794695
1399382154109198
1399382240347569
1399382202040255
1399382221037752
1399382246471832
1399382226974432
1399382262657125
1399382210539022
1399382254783175
1399382143673064
1399382234160885
1399382141798363
1399382204352376
1399382156108979
1399382176043803
1399382238597853
1399382141923342
1399382145297804
1399382156358950
1399382163358009
1399382207226982
1399382188604510
1399382251533642
1399382148609843
1399382145547764
1399382211163934
1399382221100243
1399382190291808
1399382218788021
1399382147672474
1399382221662652
1399382256845345
1399382204977276
1399382196978475
1399382217788182
1399382195603596
1399382252533516
1399382190979268
1399382224724707
1399382193853879
1399382211663864
1399382172669214
1399382224787197
1399382153484299
1399382182105487
1399382141173462
1399382239847653
1399382146235163
1399382219475428
1399382204477357
1399382179793247
1399382199228155
1399382245097016
1399382202602665
1399382185729974
1399382185480015
1399382229974000
1399382163420501
1399382259532555
1399382247471698
1399382215038425
1399382184792590
1399382230723934
1399382147859945
1399382208414298
1399382200478011
1399382259470066
1399382154609119
1399382173169188
1399382239597691
1399382250283783
1399382205477194
1399382141048480
1399382221787630
1399382151734559
1399382149234762
1399382253720846
1399382212226289
1399382210664001
1399382192354095
1399382174981428
1399382260532432
1399382247346711
1399382232723615
1399382252346042
1399382202227725
1399382206914520
1399382192729050
1399382217350747
1399382181543036
1399382241159974
1399382191666698
1399382232661124
1399382175043923
1399382162295644
1399382184230181
1399382182792896
1399382210289061
1399382258470211
1399382167232444
1399382206289586
1399382173106689
1399382239222755
1399382218288117
1399382233660965
1399382212351269
1399382171419286
1399382164357851
1399382245721919
1399382217975666
1399382249596396
1399382206477066
1399382141110973
1399382177356136
1399382193228980
1399382227786840
1399382181918011
1399382166170114
1399382241597449
1399382237098090
1399382209726655
1399382217663204
1399382182480437
1399382171044337
1399382248971506
1399382147922435
1399382152359481
1399382223849849
1399382150422164
1399382261157345
1399382142048323
1399382182417944
1399382156421440
1399382242847317
1399382153421811
1399382174231540
1399382250408779
1399382165482723
1399382166295096
1399382174481510
1399382171544275
1399382183730264
1399382205414706
1399382188791980
1399382191979155
1399382240972486
1399382187167241
1399382217100778
1399382194478778
1399382161795716
1399382169794538
1399382229786530
1399382168357267
1399382256657875
1399382260032502
1399382254595705
1399382253408398
1399382159983448
1399382262032227
1399382208976727
1399382199540622
1399382193603920
1399382188042100
1399382139548696
1399382143048161
1399382198603239
1399382251096207
1399382230473974
1399382190041829
1399382248284086
1399382158858573
1399382140548562
1399382192104133
1399382212726219
1399382164982747
1399382157983715
1399382223162424
1399382255907995
1399382176981150
1399382190729282
1399382233848435
1399382256782856
1399382184417651
1399382190604293
1399382224849687
1399382187604671
1399382241659948
1399382256032979
1399382185230056
1399382194228819
1399382224162296
1399382174856449
1399382184605124
1399382159858469
1399382204102419
1399382200602991
1399382208789246
1399382238160426
1399382222974937
1399382176231268
1399382227599367
1399382173419154
1399382262219699
1399382183042863
1399382226911933
1399382220412812
1399382153234342
1399382252283551
1399382230536464
1399382245471959
1399382196665997
1399382209414181
1399382229474080
1399382227974331
1399382255408075
1399382248034120
1399382191729189
1399382149547230
1399382191854174
1399382156233964
1399382160983316
1399382147547484
1399382216163364
1399382181480545
1399382251158697
1399382220475302
1399382186229894
1399382198665729
1399382214101040
1399382203602515
1399382209914111
1399382249971336
1399382180168186
1399382189916831
1399382186979773
1399382172356737
1399382243409740
1399382229224119
1399382181105609
1399382224912177
1399382170481926
1399382227661861
1399382168669720
1399382219725405
1399382160358413
1399382258407720
1399382174918937
1399382256970334
1399382233098558
1399382227724353
1399382175981308
1399382229286610
1399382252720992
1399382185292546
1399382178730922
1399382220662782
1399382201165396
1399382256095465
1399382178168513
1399382262844597
1399382145235314
1399382218225611
1399382183855241
1399382249096479
1399382201540341
1399382228286770
1399382169482088
1399382229099139
1399382194978697
1399382166482563
1399382225162138
1399382208726755
1399382223224915
1399382251471154
1399382204414866
1399382207414450
1399382212851200
1399382176606208
1399382231036386
1399382166732526
1399382178605944
1399382195103677
1399382251596133
1399382238472875
1399382167044973
1399382228724201
1399382228411750
1399382167857345
1399382216663319
1399382148109914
1399382187854631
1399382210101591
1399382236535667
1399382176668701
1399382222599997
1399382173544132
1399382198165789
1399382201977765
1399382209476671
1399382246971761
1399382196228539
1399382245159508
1399382151047126
1399382184480141
1399382230223987
1399382184917579
1399382186729816
1399382244659574
1399382180855648
1399382187792141
1399382203227564
1399382258220234
1399382203789968
1399382206852034
1399382173794094
1399382191229237
1399382233723459
1399382225849523
1399382202165235
1399382237473042
1399382140798520
1399382224474745
1399382251846092
1399382220975258
1399382177543594
1399382241034987
1399382233535987
1399382165795175
1399382154921570
1399382177231134
1399382190479306
1399382219100471
1399382213913562
1399382147734965
1399382233036065
1399382224412255
1399382150234676
1399382253283416
1399382237035600
1399382197540892
1399382189854341
1399382177731071
1399382174606488
1399382254720687
1399382182355453
1399382242472361
1399382224662218
1399382200852949
1399382208351808
1399382157733754
1399382241909912
1399382241534950
1399382226036993
1399382207664420
1399382217163273
1399382139736183
1399382216538321
1399382231161366
1399382207789400
1399382255033135
1399382263407050
1399382251658623
1399382188854470
1399382146985063
1399382184980078
1399382180105696
1399382233223536
1399382186917283
1399382149984688
1399382197790850
1399382189791842
1399382185917444
1399382235348265
1399382209101722
1399382201727808
1399382216725810
1399382200727967
1399382191416725
1399382188666999
1399382148859815
1399382234285868
1399382220600282
1399382178918393
1399382231473814
1399382253908316
1399382236785630
1399382160483396
1399382262532148
1399382192979022
1399382194666248
1399382195228660
1399382261344815
1399382190791780
1399382240472549
1399382197915834
1399382141235950
1399382225724543
1399382226286972
1399382148172406
1399382233910926
1399382151109617
1399382177168638
1399382194041348
1399382245909407
1399382216600819
1399382222537509
1399382182605419
1399382196478509
1399382238660343
1399382260657426
1399382263094573
1399382262907096
1399382178480963
1399382207289469
1399382216350833
1399382203165073
1399382152421971
1399382177856058
1399382235160777
1399382248221595
1399382140111133
1399382183667776
1399382236098207
1399382261219836
1399382169732045
1399382246846781
1399382175418856
1399382259782534
1399382151547071
1399382152109522
1399382180730650
1399382172294237
1399382176106290
1399382166357583
1399382189666855
1399382258657693
1399382143235632
1399382237660512
1399382149359742
1399382160670868
1399382219412929
1399382257220322
1399382223349911
1399382164170378
1399382191166748
1399382234035907
1399382208539275
1399382240847498
1399382215475900
1399382144297963
1399382214226020
1399382186354874
1399382209539163
1399382250033825
1399382202852636
1399382182980367
1399382195416126
1399382216788307
1399382210351551
1399382241222473
1399382156483933
1399382203977439
1399382154296669
1399382255658035
1399382148234894
1399382253783337
1399382263157063
1399382199728112
1399382165295236
1399382255533055
1399382141485912
1399382261782266
1399382256407915
1399382224974664
1399382197415911
1399382171919265
1399382256907835
1399382254345746
1399382244909542
1399382220100387
1399382146547628
1399382256720365
1399382223287411
1399382216413332
1399382175356367
1399382237410550
1399382229036650
1399382214475992
1399382237910468
1399382168107307
1399382240784999
1399382238410386
1399382160608378
1399382163545479
1399382179293329
1399382145047846
1399382239410220
1399382155359026
1399382196353529
1399382251283683
1399382243784686
1399382208164340
1399382142485752
1399382238722833
1399382168044816
1399382163982906
1399382221912610
1399382153921731
1399382215975876
1399382146922588
1399382149484731
1399382158171184
1399382232161206
1399382236848127
1399382164857767
1399382153046872
1399382144110493
1399382259845032
1399382228974160
1399382150047188
1399382202727643
1399382198290771
1399382210414041
1399382152671934
1399382205289726
1399382259970015
1399382251033708
1399382237285567
1399382170044496
1399382232473654
1399382142110825
1399382212976189
1399382181855512
1399382233286027
1399382190229317
1399382166107627
1399382146610113
1399382187979610
1399382144922863
1399382194103839
1399382198790711
1399382153296832
1399382162733090
1399382220162855
1399382248346573
1399382158983553
1399382155983990
1399382255720525
1399382248159105
1399382237223073
1399382182917878
1399382160170927
1399382187542181
1399382163108042
1399382146422635
1399382197040971
1399382227349403
1399382181043118
1399382217225764
1399382184855080
1399382165982646
1399382239285244
1399382234910791
1399382201415356
1399382218038141
1399382225474583
1399382218350592
1399382172106751
1399382202352707
1399382165920154
1399382204727318
1399382258032746
1399382244534592
1399382232598634
1399382151422082
1399382146735097
1399382167419915
1399382246346849
1399382243159766
1399382228036811
1399382250971209
1399382166982484
1399382259282596
1399382223099925
1399382201915276
1399382146172673
1399382151609570
1399382258345229
1399382242597351
1399382202790132
1399382179480799
1399382235723243
1399382245409468
1399382210913961
1399382161420769
1399382172419228
1399382167169954
1399382247409205
1399382223599877
1399382161733217
1399382165170236
1399382151172106
1399382177043648
1399382207976870
1399382235973231
1399382231848754
1399382235098278
1399382259407575
1399382205852146
1399382178855902
1399382207726910
1399382144797883
1399382213851069
1399382163795438
1399382173981561
1399382256595386
1399382227099422
1399382145422786
1399382211851344
1399382197290933
1399382161170794
1399382184167691
1399382260844897
1399382249783866
1399382242972297
1399382182667911
1399382167544896
1399382229536570
1399382172169249
1399382226849451
1399382146297655
1399382203852459
1399382193104000
1399382175106409
1399382239722672
1399382172981703
1399382178418473
1399382173919072
1399382160420904
1399382179855740
1399382153859243
1399382214350998
1399382188729490
1399382229161629
1399382221225224
1399382236348193
1399382214913428
1399382221975100
1399382199978081
1399382254533216
1399382173231678
1399382148984795
1399382254408237
1399382198353272
1399382205039765
1399382167669877
1399382235223268
1399382220850269
1399382170169476
1399382152796914
1399382179918226
1399382148359874
1399382228536731
1399382144547925
1399382252845969
1399382243034785
1399382155234038
1399382201040416
1399382170981847
1399382246909271
1399382142860691
1399382140736030
1399382173856581
1399382189104428
1399382215788378
1399382208039358
1399382253095940
1399382245846908
1399382171231808
1399382261719777
1399382221475180
1399382188104590
1399382232286184
1399382230786424
1399382258907657
1399382221350203
1399382262719615
1399382165232734
1399382161670726
1399382242659840
1399382191541714
1399382169544577
1399382150109677
1399382234473334
1399382150672152
1399382145485276
1399382166420076
1399382244722067
1399382162045685
1399382215350901
1399382225099643
1399382195478617
1399382212476248
1399382199915592
1399382258157742
1399382174731481
1399382248846513
1399382170419436
1399382251721112
1399382191604210
1399382245534452
1399382231661284
1399382252096074
1399382224537235
1399382185167565
1399382258095242
1399382149109772
1399382246221860
1399382164295359
1399382192291605
1399382169294618
1399382143610571
1399382202477685
1399382144360452
1399382199165665
1399382256532895
1399382175168897
1399382261532303
1399382223787357
1399382153671783
1399382142923184
1399382193041512
1399382150359666
1399382206727042
1399382243472235
1399382199853098
1399382201790295
1399382143548085
1399382159670980
1399382199665610
1399382244159642
1399382258720181
1399382220225343
1399382191354226
1399382186792306
1399382243972155
1399382227536878
1399382235598244
1399382223037427
1399382222412528
1399382164482827
1399382197478401
1399382154796590
1399382211476391
1399382163920418
1399382161858211
1399382248471562
1399382225787033
1399382202415196
1399382237160582
1399382238972795
1399382196103551
1399382249346437
1399382210164081
1399382189166918
1399382165857664
1399382227474387
1399382261469814
1399382141360934
1399382237785491
1399382248784017
1399382241409962
1399382216975796
1399382164920259
1399382247909139
1399382160045938
1399382203540013
1399382167482404
1399382140923502
1399382259720045
1399382139423707
1399382195541107
1399382194791228
1399382165107745
1399382188229570
1399382250158805
1399382178668430
1399382212413759
1399382192854039
1399382245971895
1399382225287113
1399382254908155
1399382201352866
1399382219162961
1399382177918550
1399382246534324
1399382154546629
1399382238222916
1399382145110334
1399382257407809
1399382223662376
1399382144235473
1399382173669111
1399382174356527
1399382198540747
1399382233473495
1399382259095125
1399382221537686
1399382166232602
1399382169607068
1399382200165556
1399382151359584
1399382194166328
1399382182730405
1399382176543720
1399382159296005
1399382192479073
1399382229724040
1399382200040576
1399382145172837
1399382179355819
1399382235285766
1399382189979330
1399382193478940
1399382162420632
1399382155171539
1399382243284752
1399382217600714
1399382148922306
1399382197853341
1399382152234501
1399382232098714
1399382252471025
1399382196541001
1399382231973734
1399382244597082
1399382198728219
1399382206977012
1399382141610892
1399382234848291
1399382183105352
1399382257032834
1399382150547153
1399382147235034
1399382232786104
1399382252908459
1399382236910617
1399382214663458
1399382152921893
1399382244784554
1399382169044656
1399382144610413
1399382141673383
1399382179730757
1399382254283256
1399382249471419
1399382254658195
1399382212601243
1399382199103174
1399382219912894
1399382177606092
1399382141985834
1399382226786944
1399382261407314
1399382219037981
1399382250846220
1399382158233674
1399382257095323
1399382208476785
1399382162795580
1399382153796750
1399382166607543
1399382218163121
1399382204664827
1399382183355319
1399382245222000
1399382156858884
1399382206602061
1399382147297524
1399382206164606
1399382247784154
1399382220037888
1399382196603498
1399382155671504
1399382224599725
1399382260782408
1399382212101300
1399382178106025
1399382154359158
1399382178355984
1399382165420222
1399382247034256
1399382193416452
1399382247159240
1399382234660805
1399382197665870
1399382177481105
1399382197353421
1399382231411324
1399382155609014
1399382153109360
1399382208289317
1399382262969595
1399382142798202
1399382142610731
1399382246784287
1399382257532799
1399382210788981
1399382246721798
1399382247096747
1399382243847176
1399382150484662
1399382168919676
1399382180355674
1399382218538061
1399382207039502
1399382218100632
1399382231286346
1399382184542631
1399382182042995
1399382232036224
1399382206539562
1399382157358816
1399382228161790
1399382155296531
1399382241472460
1399382140236109
1399382160295915
1399382154671609
1399382145797729
1399382147110043
1399382254970645
1399382250221296
1399382249408926
1399382169232126
1399382204914785
1399382223412401
1399382196915975
1399382249158969
1399382171794263
1399382260719916
1399382255595545
1399382210039101
1399382151922048
1399382258532701
1399382252658500
1399382195666087
1399382195728578
1399382231911244
1399382154234179
1399382155421527
1399382158796083
1399382174294036
1399382242097386
1399382158421145
1399382162608109
1399382160545887
1399382236035707
1399382228474240
1399382172544226
1399382262094719
1399382180918137
1399382162483127
1399382193666412
1399382231786264
1399382216288343
1399382228786690
1399382150609651
1399382185854954
1399382190541794
1399382170919359
1399382195166167
1399382170856867
1399382162858076
1399382229661549
1399382162983058
1399382176293759
1399382152609441
1399382190166817
1399382196041052
1399382139673687
1399382213476122
1399382236723142
1399382210726493
1399382177106146
1399382225037153
1399382140361089
1399382217475729
1399382179168350
1399382159483493
1399382176731187
1399382153171852
1399382200290542
1399382189229409
1399382211538882
1399382230911404
1399382253595868
1399382241972396
1399382144672903
1399382159920957
1399382176168781
1399382200353029
1399382169419596
1399382203664992
1399382217850673
1399382152172014
1399382259032638
1399382235785744
1399382152734423
1399382192791540
1399382191291728
1399382148734823
1399382172606724
1399382232411164
1399382204789809
1399382212288781
1399382178043534
1399382159608481
1399382262282187
1399382156296459
1399382199603114
1399382228661710
1399382173481642
1399382260469934
1399382244284627
1399382260907386
1399382205977124
1399382198040811
1399382142548241
1399382167294934
1399382218600551
1399382230598954
1399382189354388
1399382201102906
1399382141548403
1399382242347373
1399382207476940
1399382147484994
1399382256282937
1399382244034652
1399382199790601
1399382218913001
1399382262407165
1399382256345425
1399382149297252
1399382155046550
1399382253845828
1399382164045397
1399382185542507
1399382179980716
1399382247846647
1399382252783481
1399382237598022
1399382198415752
1399382178293495
1399382250658731
1399382181668024
1399382257970257
1399382178980880
1399382174044055
1399382213788579
1399382239785160
1399382218413084
1399382182292962
1399382211226421
1399382209851621
1399382236160706
1399382252221057
1399382240285081
1399382255470565
1399382231723775
1399382151234596
1399382211413902
1399382219287942
1399382244409603
1399382224224786
1399382167919837
1399382222100080
1399382193728914
1399382258845168
1399382257782784
1399382154484139
1399382143173145
1399382243597215
1399382186417364
1399382157296316
1399382209039223
1399382167607387
1399382230036499
1399382158546126
1399382149859690
1399382223474890
1399382212788709
1399382226224481
1399382177668584
1399382171669274
1399382207351960
1399382194853718
1399382139923658
1399382253033439
1399382181793012
1399382255845505
1399382169357106
1399382239972630
1399382152296992
1399382162108174
1399382229349100
1399382183917734
1399382200915437
1399382177793567
1399382245034525
1399382229911510
1399382212663728
1399382246096882
1399382237348057
1399382179668267
1399382224287289
1399382167794855
1399382175918809
1399382216100864
1399382162545613
1399382230286487
1399382204039932
1399382181980502
1399382239660183
1399382233973415
1399382181418055
1399382240535039
1399382165357728
1399382249033987
1399382155734002
1399382257720284
1399382242159884
1399382208226828
1399382182542928
1399382225224623
1399382154171689
1399382184730100
1399382187479691
1399382257345311
1399382227911827
1399382205789658
1399382183542794
1399382174543997
1399382234098396
1399382248659037
1399382172794212
1399382194603758
1399382251408666
1399382184042711
1399382255095625
1399382247534187
1399382223974825
1399382142235793
1399382241784928
1399382169669555
1399382225537074
1399382142673222
1399382157108850
1399382200103067
1399382198228279
1399382219537918
1399382243534727
1399382170669400
1399382144735394
1399382144860373
1399382243909665
1399382199040687
1399382181730526
1399382140486072
1399382200228050
1399382151672063
1399382238035450
1399382163170534
1399382247284222
1399382139798677
1399382254033296
1399382192916533
1399382197103463
1399382173606622
1399382179230843
1399382160733356
1399382183417809
1399382161920698
1399382261844757
1399382203415031
1399382145610254
1399382179418310
1399382170731903
1399382233161045
1399382234410849
1399382246034391
1399382186167404
1399382140611049
1399382148047427
1399382143110652
1399382211913830
1399382238097936
1399382255970485
1399382147360014
1399382224349765
1399382262469658
1399382155921491
1399382185604996
1399382238847816
1399382228599222
1399382235035782
1399382186479855
1399382157671264
1399382204852297
1399382190666792
1399382195978552
1399382219975385
1399382183167842
1399382213101183
1399382216850806
1399382213413629
1399382164670299
1399382261594799
1399382254220766
1399382164795277
1399382237972956
1399382195041187
1399382222724977
1399382222662487
1399382248409063
1399382156546425
1399382182230466
1399382222350039
1399382232536146
1399382239097773
1399382213726089
1399382165670197
1399382230661444
1399382205227235
1399382141298441
1399382141860854
1399382166857504
1399382156671408
1399382184105201
1399382168294778
1399382226724445
1399382244847051
1399382196790986
1399382178231006
1399382181355567
1399382197228443
1399382178793411
1399382245596939
1399382182167975
1399382175231387
1399382142173301
1399382245784409
1399382242409862
1399382139986153
1399382186542347
1399382163732947
1399382189416876
1399382244222134
1399382258595199
1399382240097610
1399382177981036
1399382157483797
1399382144048002
1399382236223197
1399382225662053
1399382151297086
1399382257907764
1399382180543161
1399382162670601
1399382247221729
1399382172731713
1399382185667485
1399382260219972
1399382149047298
1399382205539684
1399382228349263
1399382254158276
1399382172231742
1399382194728738
1399382179105861
1399382258782676
1399382217538222
1399382139861169
1399382253345907
1399382238535363
1399382180043206
1399382217413239
1399382169857026
1399382152484461
1399382167107464
1399382194416289
1399382225912013
1399382250533743
1399382169107146
1399382211788852
1399382228099303
1399382168607227
1399382222162569
1399382261032365
1399382192229114
1399382215600889
1399382185979934
1399382145860217
1399382181230586
1399382226161982
1399382142298281
1399382158921066
1399382159545981
1399382166670036
1399382171731774
1399382165607707
1399382188916957
1399382180793148
1399382251783603
1399382180980629
1399382174419020
1399382249846358
1399382247971631
1399382213163659
1399382186104914
1399382218475574
1399382206227093
1399382169982006
1399382163857929
1399382152859400
1399382240410059
1399382165732687
1399382209351691
1399382159420993
1399382190854280
1399382214163529
1399382255345585
1399382143860532
1399382210851471
1399382176481227
1399382179605781
1399382143923022
1399382148484866
1399382240660019
1399382195353638
1399382159233514
1399382253470885
1399382241722439
1399382172919200
1399382184292675
1399382228911670
1399382243659708
1399382141423423
1399382226661946
1399382243097274
1399382163295512
1399382191041767
1399382206102114
1399382198978194
1399382260282463
1399382226599457
1399382254095788
1399382253220923
1399382155109040
1399382199353134
1399382155796502
1399382203290051
1399382214850936
1399382169169638
1399382227036925
1399382141735870
1399382213663600
1399382236473176
1399382155858992
1399382219600417
1399382250908719
1399382161983191
1399382192541563
1399382201477846
1399382146360145
1399382222787468
1399382170294457
1399382142735714
1399382226411968
1399382183480302
1399382199290646
1399382253658356
1399382189041939
1399382254470726
1399382187354711
1399382165545225
1399382222225058
1399382171106827
1399382225599563
1399382171481786
1399382139486196
1399382155484016
1399382139611194
1399382221287711
1399382170544418
1399382176418737
1399382198103299
1399382148297383
1399382242284873
1399382198478247
1399382161545760
1399382262782107
1399382165045246
1399382143798042
1399382159733471
1399382263032083
1399382195791066
1399382196728486
1399382228224280
1399382246159372
1399382222287548
1399382163482989
1399382183792753
1399382246659306
1399382186042424
1399382234535826
1399382196166041
1399382184355162
1399382194541268
1399382213538609
1399382215100913
1399382178543454
1399382148547355
1399382234785801
1399382257157822
1399382174668978
1399382263282061
1399382235660745
1399382249221457
1399382242784826
1399382199478123
1399382187292221
1399382175856319
1399382202102745
1399382214975927
1399382230161487
1399382175481346
1399382151859550
1399382234348357
1399382185792465
1399382179543287
1399382210476531
1399382245659428
1399382262157209
1399382189479366
1399382239535201
1399382158483635
1399382246284355
1399382180480672
1399382261907247
1399382240597529
1399382175668831
1399382139298709
1399382238910303
1399382196291039
1399382241284972
1399382223724866
1399382206352075
1399382140985990
1399382168482248
1399382220350327
1399382232973574
1399382186854793
1399382185417526
1399382192041646
1399382231598797
1399382156733899
1399382252970949
1399382202540174
1399382229849020
1399382257470301
1399382201602828
1399382250346273
1399382215413401
1399382143735553
1399382167982325
1399382188479530
1399382236660651
1399382255283095
1399382262344679
1399382236285696
1399382260594933
1399382179043373
1399382190916772
1399382177293633
1399382164232866
1399382239472711
1399382154421652
1399382227161920
1399382187042263
1399382195291150
1399382145360294
1399382157921227
1399382180230685
1399382243222256
1399382153359333
1399382240222589
1399382160233425
1399382232911085
1399382240722509
1399382166795016
1399382145985193
1399382218975491
1399382158296164
1399382203727479
1399382166920008
1399382203102585
1399382144985356
1399382229599059
1399382168857186
1399382241847416
1399382167357424
1399382219850404
1399382152984383
1399382183292827
1399382144172982
1399382252596005
1399382242034886
1399382243722194
1399382187917121
1399382176356247
1399382180418172
1399382157608775
1399382211976320
1399382146672604
1399382256157956
1399382217725691
1399382188292060
1399382159795969
1399382234223377
1399382263344551
1399382157858738
1399382215725888
1399382221725142
1399382234598314
1399382222912446
1399382153609280
1399382203352540
1399382152546951
1399382204602339
1399382164732786
1399382215913377
1399382256470406
1399382156608915
1399382259345086
1399382186604834
1399382162233152
1399382246409340
1399382238347898
1399382226349469
1399382142423263
1399382233348515
1399382247721660
1399382202915112
1399382144422945
1399382197165951
1399382158671104
1399382221850119
1399382260344953
1399382150859637
1399382183230332
1399382192166623
1399382173294170
1399382249658888
1399382215663389
1399382215163413
1399382249908860
1399382180293184
1399382154734099
1399382158733593
1399382230411475
1399382227849335
1399382257282811
1399382197978321
1399382207851889
1399382235473253
1399382149672220
1399382214725950
1399382156983865
1399382236973104
1399382186292384
1399382176918660
1399382203040093
1399382218850511
1399382149797200
1399382256220448
1399382213351139
1399382149734709
1399382235910728
1399382235410754
1399382164607808
1399382208664266
1399382241097485
1399382233598476
1399382200540500
1399382175793820
1399382171981754
1399382257595297
1399382185355040
1399382193791391
1399382220537793
1399382158358656
1399382209664151
1399382204164909
1399382185042570
1399382237847977
1399382204539846
1399382247596680
1399382261969740
1399382237535533
1399382240035119
1399382250096315
1399382257845277
1399382159108534
1399382216225854
1399382219350434
1399382157046358
1399382243347252
1399382142360772
1399382196416020
1399382149422231
1399382203477522
1399382194291309
1399382227411904
1399382235535753
1399382156171477
1399382182855386
1399382253158431
1399382170794378
1399382224037316
1399382213038681
1399382175293877
1399382208851735
1399382244972030
1399382188979447
1399382170231967
1399382173731602
1399382193916371
1399382232348677
1399382201852785
1399382145735236
1399382255220606
1399382239910140
1399382259657544
1399382225349616
1399382174169049
1399382200977926
1399382201227886
1399382191791685
1399382173044190
1399382173356664
1399382202977602
1399382174793957
1399382250721232
1399382251346172
1399382197728361
1399382252158566
1399382231536304
1399382156796388
1399382261657290
1399382248909004
1399382148672333
1399382214288508
1399382196853484
1399382175731326
1399382161483262
1399382181605525
1399382213976051
1399382176793677
1399382160920826
1399382181168109
1399382191104260
1399382194916208
1399382235848229
1399382249283947
1399382163233022
1399382258282731
1399382215288412
1399382222849958
1399382153546788
1399382260969875
1399382153734262
1399382195916063
1399382250783724
1399382239160262
1399382209789131
1399382210226571
1399382223537382
1399382205914638
1399382230098998
1399382219662916
1399382200790461
1399382227286909
1399382193291470
1399382146860087
1399382147422504
1399382201290382
1399382244347113
1399382170356946
1399382234973289
1399382150984626
1399382230973894
1399382157546284
1399382189291898
1399382151484586
1399382168544738
1399382175543835
1399382210601512
1399382236598156
1399382193541429
1399382208101847
1399382189541856
1399382253970807
1399382234723302
1399382263219562
1399382205102257
1399382219225450
1399382253533376
1399382238785323
1399382217038289
1399382158046205
1399382164545317
1399382145922705
1399382158108696
1399382216913296
1399382187729651
1399382187229731
1399382160795846
1399382221600163
1399382188354550
1399382194353813
1399382255158115
1399382162920567
1399382231348834
1399382202665155
1399382239035288
1399382200415521
1399382260094993
1399382245284492
1399382233785945
1399382172856702
1399382222475018
1399382200665482
1399382168982166
1399382242909806
1399382192604053
1399382229411589
1399382159358494
1399382216475831
1399382220725282
1399382207601930
1399382217288252
1399382206664550
1399382221162731
1399382224099806
1399382197603381
1399382205352215
1399382241347462
1399382181293076
1399382193166491
1399382261094855
1399382160858336
1399382220912768
1399382205727166
1399382159171026
1399382230348979
1399382154046712
1399382205602174
1399382261282325
1399382183980221
1399382251971090
1399382249721378
1399382260407443
1399382259907525
1399382166045136
1399382157421307
1399382205164745
1399382258970148
1399382239347734
1399382159046046
1399382143298121
1399382248096613
1399382246596814
1399382161608237
1399382150172176
1399382187104751
1399382193978859
1399382171294298
1399382186667325
1399382220287833
1399382140423581
1399382176856167
1399382252033580
1399382201665318
1399382171856763
1399382226474459
1399382251221193
1399382156046480
1399382140673540
1399382240909996
1399382244472101
1399382190354305
1399382143985513
1399382192416583
1399382140861010
1399382199415624
1399382187417200
1399382190104318
1399382247659172
1399382170606909
1399382232223694
1399382184667612
1399382250471253
1399382230848914
1399382209226703
1399382226536957
1399382211288911
1399382183605285
1399382211101442
1399382226099482
1399382259595048
1399382191916666
1399382164420339
1399382236410683
1399382240160099
1399382260157483
1399382207101993
1399382217913164
1399382231223855
1399382164107888
1399382192666552
1399382198915705
1399382151797058
1399382193353962
1399382242222374
1399382255783016
1399382213288648
1399382147797454
1399382195853564
1399382257657788
1399382156921375
1399382145672744
1399382187667161
1399382244097151
1399382155546517
1399382157171337
1399382218725531
1399382158608612
1399382146110186
1399382167732365
1399382237723000
1399382154984060
1399382189604354
1399382152047028
1399382168169796
1399382245346979
1399382212038810
1399382222037590
1399382225412093
1399382214538479
1399382252408530
1399382202290215
1399382143423102
1399382169919516
1399382223912337
1399382248534054
1399382188542020
1399382162358133
1399382166545055
1399382228849194
1399382259157615
1399382211038951
1399382168419755
1399382248721529
1399382242722336
1399382177418612
1399382218663041
1399382221412691
1399382160108428
1399382188417039
1399382140298601
1399382185105067
1399382154859080
1399382204227399
1399382207914380
1399382139361208
1399382231098874
1399382142985673
1399382209164214
1399382174106552
1399382153984218
1399382171356788
1399382189729343
1399382233411005
1399382161045805
1399382220787772
1399382227224412
1399382150734640
1399382204289910
1399382143485592
1399382238285406
1399382163045552
1399382147047554
1399382140173621
1399382163607971
1399382163670459
1399382140048643
1399382250596235
1399382249533906
1399382161233293
1399382162170666
1399382188167080
1399382225974506
1399382198853205
1399382157796249
1399382151984539
1399382168732205
1399382144485435
1399382170106986
1399382248596540
1399382191479218
1399382214600970
1399382259220105
1399382216038367
1399382251908591
1399382143360613
1399382203914949
1399382171169320
1399382219787904
1399382161295783
1399382161108295
1399382157233828
1399382242534859
1399382262594635
1399382175606332
1399382168232285
1399382161358278
1399382211601372
1399382150797137
1399382254845665
1399382180605660
1399382180668160
1399382150922128
